8
 0  8 50 31 12 48 36  2
 8  0 38  9 33 37 22  6
50 38  0 11 55  1 23 46
31  9 11  0 44 13 16 19
12 33 55 44  0 54 53 30
48 37  1 13 54  0 26 47
36 22 23 16 53 26  0 29
 2  6 46 19 30 47 29  0

