 17
   0  83  93 129 133 139 151 169 135 114 110  98  99  95  81 152 159
  83   0  40  53  62  64  91 116  93  84  95  98  89  68  67 127 156
  93  40   0  42  42  49  59  81  54  44  58  64  54  31  36  86 117
 129  53  42   0  11  11  46  72  65  70  88 100  89  66  76 102 142
 133  62  42  11   0   9  35  61  55  62  82  95  84  62  74  93 133
 139  64  49  11   9   0  39  65  63  71  90 103  92  71  82 100 141
 151  91  59  46  35  39   0  26  34  52  71  88  77  63  78  66 110
 169 116  81  72  61  65  26   0  37  59  75  92  83  76  91  54  98
 135  93  54  65  55  63  34  37   0  22  39  56  47  40  55  37  78
 114  84  44  70  62  71  52  59  22   0  20  36  26  20  34  43  74
 110  95  58  88  82  90  71  75  39  20   0  18  11  27  32  42  61
  98  98  64 100  95 103  88  92  56  36  18   0  11  34  31  56  63
  99  89  54  89  84  92  77  83  47  26  11  11   0  23  24  53  68
  95  68  31  66  62  71  63  76  40  20  27  34  23   0  15  62  87
  81  67  36  76  74  82  78  91  55  34  32  31  24  15   0  73  92
 152 127  86 102  93 100  66  54  37  43  42  56  53  62  73   0  44
 159 156 117 142 133 141 110  98  78  74  61  63  68  87  92  44   0